<!DOCTYPE html>
<meta charset="utf-8">
<style>

body {
  font: 10px sans-serif;
}

.chord path {
  fill-opacity: .67;
  stroke: #000;
  stroke-width: .5px;
}

.dsc {
	width: 250px;
	font-size: 150%; 
	font-style: oblique; 
	font-family: "Palatino Linotype", "Book Antiqua", Palatino, serif
	display: block;
}
svg {
	position:fixed;
	top:30px;
}
h1.dsc {
	font-size:350%;
}
</style>
<body>
<h1 class='dsc'>Functions and Persons</h1>
<p class='dsc'>Each block on the circle represents a function. Two blocks 
are linked if two persons perform the associated functions.</p>

<script src="http://d3js.org/d3.v3.min.js"></script>
<script>

// From http://mkweb.bcgsc.ca/circos/guide/tables/
var matrix = [
[30, 111, 61, 53, 49, 7, 0, 0, 16, 42, 2, 35, 94, 16, 12, 20, 78, 46, 28, 22, 3, 9, 170, 8, 184],
[111, 31, 65, 94, 35, 8, 1, 0, 17, 55, 3, 37, 131, 16, 14, 17, 96, 51, 42, 24, 3, 9, 203, 11, 158],
[61, 65, 15, 38, 25, 4, 1, 0, 17, 33, 1, 24, 61, 9, 14, 12, 50, 33, 17, 12, 2, 10, 107, 7, 101],
[53, 94, 38, 64, 34, 5, 1, 0, 10, 41, 3, 27, 96, 8, 13, 11, 66, 32, 27, 19, 2, 8, 119, 6, 101],
[49, 35, 25, 34, 13, 2, 0, 0, 7, 18, 2, 10, 24, 8, 5, 5, 20, 13, 6, 10, 1, 2, 48, 5, 55],
[7, 8, 4, 5, 2, 0, 0, 0, 3, 4, 1, 10, 8, 3, 2, 2, 4, 3, 2, 1, 1, 3, 11, 2, 10],
[0, 1, 1, 1, 0, 0, 0, 0, 0, 1, 0, 1, 1, 0, 1, 1, 1, 1, 1, 0, 0, 0, 1, 0, 1],
[0, 0, 0, 0, 0, 0, 0, 0, 0, 0, 2, 0, 1, 0, 0, 0, 0, 0, 0, 3, 0, 0, 0, 0, 0],
[16, 17, 17, 10, 7, 3, 0, 0, 2, 7, 3, 11, 44, 3, 6, 5, 27, 16, 6, 4, 1, 6, 42, 4, 30],
[42, 55, 33, 41, 18, 4, 1, 0, 7, 51, 3, 20, 54, 7, 5, 10, 40, 19, 15, 20, 1, 3, 78, 6, 83],
[2, 3, 1, 3, 2, 1, 0, 2, 3, 3, 1, 1, 6, 1, 1, 1, 3, 2, 1, 5, 1, 1, 5, 1, 2],
[35, 37, 24, 27, 10, 10, 1, 0, 11, 20, 1, 7, 52, 9, 5, 8, 37, 12, 14, 11, 1, 4, 66, 4, 57],
[94, 131, 61, 96, 24, 8, 1, 1, 44, 54, 6, 52, 24, 13, 16, 24, 133, 47, 56, 35, 3, 9, 268, 10, 176],
[16, 16, 9, 8, 8, 3, 0, 0, 3, 7, 1, 9, 13, 2, 5, 2, 10, 5, 7, 3, 1, 4, 17, 2, 16],
[12, 14, 14, 13, 5, 2, 1, 0, 6, 5, 1, 5, 16, 5, 2, 4, 20, 17, 5, 2, 1, 4, 21, 4, 24],
[20, 17, 12, 11, 5, 2, 1, 0, 5, 10, 1, 8, 24, 2, 4, 16, 36, 11, 9, 5, 1, 1, 44, 4, 21],
[78, 96, 50, 66, 20, 4, 1, 0, 27, 40, 3, 37, 133, 10, 20, 36, 3, 45, 47, 35, 2, 7, 150, 9, 118],
[46, 51, 33, 32, 13, 3, 1, 0, 16, 19, 2, 12, 47, 5, 17, 11, 45, 4, 17, 11, 2, 7, 77, 7, 58],
[28, 42, 17, 27, 6, 2, 1, 0, 6, 15, 1, 14, 56, 7, 5, 9, 47, 17, 4, 13, 1, 4, 68, 3, 41],
[22, 24, 12, 19, 10, 1, 0, 3, 4, 20, 5, 11, 35, 3, 2, 5, 35, 11, 13, 7, 2, 2, 43, 3, 27],
[3, 3, 2, 2, 1, 1, 0, 0, 1, 1, 1, 1, 3, 1, 1, 1, 2, 2, 1, 2, 0, 2, 3, 1, 2],
[9, 9, 10, 8, 2, 3, 0, 0, 6, 3, 1, 4, 9, 4, 4, 1, 7, 7, 4, 2, 2, 7, 13, 1, 13],
[170, 203, 107, 119, 48, 11, 1, 0, 42, 78, 5, 66, 268, 17, 21, 44, 150, 77, 68, 43, 3, 13, 191, 13, 309],
[8, 11, 7, 6, 5, 2, 0, 0, 4, 6, 1, 4, 10, 2, 4, 4, 9, 7, 3, 3, 1, 1, 13, 0, 12],
[184, 158, 101, 101, 55, 10, 1, 0, 30, 83, 2, 57, 176, 16, 24, 21, 118, 58, 41, 27, 2, 13, 309, 12, 108]  ];

var group_name = ['A2_1', 'A2_2', 'A2_3', 'A2_4', 'A2_5', 'C_1', 'C_3', 'C_5', 'C_6', 'D_1', 'D_2', 'E_1', 'E_10', 'E_2', 'E_3', 'E_4', 'E_5', 'E_6', 'E_7', 'E_8', 'E_9', 'Uknown', 'V3_2', 'V3_3', '']

 
var chord = d3.layout.chord()
    .padding(.04)
    .sortSubgroups(d3.descending)
    .matrix(matrix);

var width = 1280,
    height = 800,
    innerRadius = Math.min(width, height) * .5,
    outerRadius = innerRadius - 80;
/*
    innerRadius = Math.min(width, height) * .41,
    outerRadius = innerRadius * 1.1;
*/

	
var fill = d3.scale.ordinal()
    .domain(d3.range(4))
    .range(["#000000",  "#FFDD89" , "#957244",  "#F26223" ]);

var svg = d3.select("body").append("svg")
    .attr("width", width)
    .attr("height", height)
  .append("g")
    .attr("transform", "translate(" + width / 2 + "," + height / 2 + ")");

svg.append("g").selectAll("path")
    .data(chord.groups)
  .enter().append("path")
    .style("fill", function(d) { return fill(d.index); })
    .style("stroke", function(d) { return fill(d.index); })
    .attr("d", d3.svg.arc().innerRadius(outerRadius).outerRadius(outerRadius+20))
    .on("mouseover", fade(.1))
    .on("mouseout", fade(1));

var ticks = svg.append("g").selectAll("g")
    .data(chord.groups)
  .enter().append("g").selectAll("g")
    .data(groupTicks)
  .enter().append("g")
    .attr("transform", function(d) {
      return "rotate(" + (d.angle * 180 / Math.PI - 90) + ")"
          + "translate(" + (outerRadius+20) + ",0)";
    });

ticks.append("line")
    .attr("x1", 1)
    .attr("y1", 0)
    .attr("x2", 5)
    .attr("y2", 0)
    .style("stroke", "#000");

ticks.append("text")
    .attr("x", 8)
    .attr("dy", ".35em")
    .attr("transform", function(d) { return d.angle > Math.PI ? "rotate(180)translate(-16)" : null; })
    .style("text-anchor", function(d) { return d.angle > Math.PI ? "end" : null; })
    .text(function(d) { return d.label; });

svg.append("g")
    .attr("class", "chord")
  .selectAll("path")
    .data(chord.chords)
  .enter().append("path")
    .attr("d", d3.svg.chord().radius(outerRadius))
    .style("fill", function(d) { return fill(d.target.index); })
    .style("opacity", 1);

  
var g = svg.selectAll("g.group")
      .data(chord.groups)
    .enter().append("svg:g")
      .attr("class", "group")
      .on("mouseover", fade(.02))
      .on("mouseout", fade(.80));

  /*
svg.append("g")
    .attr("class", "chord")
  .selectAll("path")
    .data(chord.chords)
  .enter().append("svg:text")
        .attr("x", 6)
        .attr("dy", 15)
      .append("svg:textPath")
        .text(function(d) { return "x:"+d.index; });	
*/
g.append("svg:text")
      .each(function(d) { d.angle = (d.startAngle + d.endAngle) / 2; })
      .attr("dy", ".35em")
      .attr("text-anchor", function(d) { return d.angle > Math.PI ? "end" : null; })
      .attr("transform", function(d) {
        return "rotate(" + (d.angle * 180 / Math.PI - 90) + ")"
            + "translate(" + (outerRadius + 46) + ")"
            + (d.angle > Math.PI ? "rotate(180)" : "");
      })
      .text(function(d) { return group_name[d.index]; })
	  .style("font-weight", "bold")
	  .style("font-size", "150%");
		
	/*
svg.selectAll("g.group")
        .data(chord.groups)
      .enter().append("svg:g")
        .attr("class", "group")
	.append("svg:text")
        .attr("x", 6)
        .attr("dy", 15)
        .filter(function(d) { return d.value > 110; })
      .append("svg:textPath")		
		.text(function(d) { return group_name[d.index]; });
	*/
	
	
// Returns an array of tick angles and labels, given a group.
function groupTicks(d) {
  var k = (d.endAngle - d.startAngle) / d.value;
  return d3.range(0, d.value, 100).map(function(v, i) {
    return {
      angle: v * k + d.startAngle,
      label: i % 5 ? null : v 
    };
  });
}

// Returns an event handler for fading a given chord group.
function fade(opacity) {
  return function(g, i) {
    svg.selectAll(".chord path")
        .filter(function(d) { return d.source.index != i && d.target.index != i; })
      .transition()
        .style("opacity", opacity);
  };
}

</script>